0000000000000000
0000000000000000
0000000000000000
0000000000000000
0000000000000000
0000000000000000
0000000000000000
0000000000000000
0000000000000000
0000000000000000
0000000000000000
0000000000000000
0000000000000000
0000000000000000
0000000000000000
0000000000000000
0000000000000000
0000000000000000
0000000000000000
0000000000000000
0000000000000000
0000000000000000
0000000000000000
0000000000000000
0000000000000000
0000000000000000
0000000000000000
0000000000000000
0000000000000000
0000000000000000
0000000000000000
0000000000000000
0000000000000000
0000000000000000
0000000000000000
0000000000000000
0000000000000000
0000000000000000
0000000000000000
0000000000000000
0000000000000000
0000000000000000
0000000000000000
0000000000000000
0000000000000000
0000000000000000
0000000000000000
0000000000000000
0000000000000000
0000000000000000
0000000000000000
0000000000000000
0000000000000000
0000000000000000
0000000000000000
0000000000000000
0000000000000000
0000000000000000
0000000000000000
0000000000000000
0000000000000000
0000000000000000
0000000000000000
0000000000000000
0000000000000000
0000000000000000
0000000000000000
0000000000000000
0000000000000000
0000000000000000
0000000000000000
0000000000000000
0000000000000000
0000000000000000
0000000000000000
0000000000000000
0000000000000000
0000000000000000
0000000000000000
0000000000000000
0000000000000000
0000000000000000
0000000000000000
0000000000000000
0000000000000000
0000000000000000
0000000000000000
0000000000000000
0000000000000000
0000000000000000
0000000000000000
0000000000000000
0000000000000000
0000000000000000
0000000000000000
0000000000000000
0000000000000000
0000000000000000
0000000000000000
0000000000000000
0000000000000000
0000000000100100
1111111110111000
0000000001101010
1111111101110111
0000000010100110
1111111101000000
0000000011010110
1111111100011000
0000000011110101
1111111100000011
0000000100000000
1111111100000010
0000000011110111
1111111100010101
0000000011011010
1111111100111011
0000000010101100
1111111101110001
0000000001110000
1111111110110010
0000000000101011
1111111111111001
1111111111100011
0000000001000001
1111111110011101
0000000010000100
1111111101011111
0000000010111100
1111111100101110
0000000011100101
1111111100001101
0000000011111100
1111111100000000
0000000011111111
1111111100001000
0000000011101101
1111111100100011
0000000011001001
1111111101001111
0000000010010101
1111111110001010
0000000001010100
1111111111001110
0000000000001110
0000000000010111
1111111111000110
0000000001011101
1111111110000010
0000000010011100
1111111101001001
0000000011001110
1111111100011110
0000000011110001
1111111100000110
0000000011111111
1111111100000001
0000000011111010
1111111100010000
0000000011100001
1111111100110011
0000000010110101
1111111101100110
0000000001111100
1111111110100101
0000000000111000
1111111111101100
1111111111110000
0000000000110100
1111111110101001
0000000001111000
1111111101101010
0000000010110010
1111111100110110
0000000011011110
1111111100010010
0000000011111001
1111111100000001
0000000100000000
1111111100000101
0000000011110010
1111111100011100
0000000011010001
1111111101000110
0000000010011111
1111111101111110
0000000001100001
1111111111000001
0000000000011011
0000000000001001
1111111111010011
0000000001010000
1111111110001110
0000000010010001
1111111101010011
0000000011000110
1111111100100101
0000000011101100
1111111100001001
0000000011111110
0000000000000000
0000000000000000
0000000000000000
0000000000000000
0000000000000000
0000000000000000
0000000000000000
0000000000000000
0000000000000000
0000000000000000
0000000000000000
0000000000000000
0000000000000000
0000000000000000
0000000000000000
0000000000000000
0000000000000000
0000000000000000
0000000000000000
0000000000000000
0000000000000000
0000000000000000
0000000000000000
0000000000000000
0000000000000000
0000000000000000
0000000000000000
0000000000000000
0000000000000000
0000000000000000
0000000000000000
0000000000000000
0000000000000000
0000000000000000
0000000000000000
0000000000000000
0000000000000000
0000000000000000
0000000000000000
0000000000000000
0000000000000000
0000000000000000
0000000000000000
0000000000000000
0000000000000000
0000000000000000
0000000000000000
0000000000000000
0000000000000000
0000000000000000
0000000000000000
0000000000000000
0000000000000000
0000000000000000
0000000000000000
0000000000000000
0000000000000000
0000000000000000
0000000000000000
0000000000000000
0000000000000000
0000000000000000
0000000000000000
0000000000000000
0000000000000000
0000000000000000
0000000000000000
0000000000000000
0000000000000000
0000000000000000
0000000000000000
0000000000000000
0000000000000000
0000000000000000
0000000000000000
0000000000000000
0000000000000000
0000000000000000
0000000000000000
0000000000000000
0000000000000000
0000000000000000
0000000000000000
0000000000000000
0000000000000000
0000000000000000
0000000000000000
0000000000000000
0000000000000000
0000000000000000
0000000000000000
0000000000000000
0000000000000000
0000000000000000
0000000000000000
0000000000000000
0000000000000000
0000000000000000
0000000000000000
0000000000000000
0000000000000000
0000000011111111
0000000000100100
1111111100000110
1111111110111000
0000000011110000
0000000001101010
1111111100011111
1111111101110111
0000000011001110
0000000010100110
1111111101001010
1111111101000000
0000000010011011
0000000011010110
1111111110000011
1111111100011000
0000000001011100
0000000011110101
1111111111000111
1111111100000011
0000000000010101
0000000100000000
0000000000001111
1111111100000010
1111111111001101
0000000011110111
0000000001010110
1111111100010101
1111111110001001
0000000011011010
0000000010010110
1111111100111011
1111111101001111
0000000010101100
0000000011001010
1111111101110001
1111111100100010
0000000001110000
0000000011101110
1111111110110010
1111111100000111
0000000000101011
0000000011111111
1111111111111001
1111111100000000
1111111111100011
0000000011111100
0000000001000001
1111111100001110
1111111110011101
0000000011100100
0000000010000100
1111111100101110
1111111101011111
0000000010111011
0000000010111100
1111111101100000
1111111100101110
0000000010000011
0000000011100101
1111111110011110
1111111100001101
0000000001000000
0000000011111100
1111111111100100
1111111100000000
1111111111111000
0000000011111111
0000000000101100
1111111100001000
1111111110110001
0000000011101101
0000000001110001
1111111100100011
1111111101110000
0000000011001001
0000000010101100
1111111101001111
1111111100111011
0000000010010101
0000000011011010
1111111110001010
1111111100010101
0000000001010100
0000000011110111
1111111111001110
1111111100000010
0000000000001110
0000000100000000
0000000000010111
1111111100000011
1111111111000110
0000000011110100
0000000001011101
1111111100011001
1111111110000010
0000000011010110
0000000010011100
1111111101000000
0000000000000000
0000000000000000
0000000000000000
0000000000000000
0000000000000000
0000000000000000
0000000000000000
0000000000000000
0000000000000000
0000000000000000
0000000000000000
0000000000000000
0000000000000000
0000000000000000
0000000000000000
0000000000000000
0000000000000000
0000000000000000
0000000000000000
0000000000000000
0000000000000000
0000000000000000
0000000000000000
0000000000000000
0000000000000000
0000000000000000
0000000000000000
0000000000000000
0000000000000000
0000000000000000
0000000000000000
0000000000000000
0000000000000000
0000000000000000
0000000000000000
0000000000000000
0000000000000000
0000000000000000
0000000000000000
0000000000000000
0000000000000000
0000000000000000
0000000000000000
0000000000000000
0000000000000000
0000000000000000
0000000000000000
0000000000000000
0000000000000000
0000000000000000
0000000000000000
0000000000000000
0000000000000000
0000000000000000
0000000000000000
0000000000000000
0000000000000000
0000000000000000
0000000000000000
0000000000000000
0000000000000000
0000000000000000
0000000000000000
0000000000000000
0000000000000000
0000000000000000
0000000000000000
0000000000000000
0000000000000000
0000000000000000
0000000000000000
0000000000000000
0000000000000000
0000000000000000
0000000000000000
0000000000000000
0000000000000000
0000000000000000
0000000000000000
0000000000000000
0000000000000000
0000000000000000
0000000000000000
0000000000000000
0000000000000000
0000000000000000
0000000000000000
0000000000000000
0000000000000000
0000000000000000
0000000000000000
0000000000000000
0000000000000000
0000000000000000
0000000000000000
0000000000000000
0000000000000000
0000000000000000
0000000000000000
0000000000000000
0000000000000000
0000000010101110
0000000011111111
0000000011000111
0000000000100100
1111111101101110
1111111100000110
1111111100100100
1111111110111000
0000000001110011
0000000011110000
0000000011101100
0000000001101010
1111111110101110
1111111100011111
1111111100001000
1111111101110111
0000000000101111
0000000011001110
0000000011111110
0000000010100110
1111111111110101
1111111101001010
1111111100000000
1111111101000000
1111111111100111
0000000010011011
0000000011111100
0000000011010110
0000000000111101
1111111110000011
1111111100001100
1111111100011000
1111111110100000
0000000001011100
0000000011100110
0000000011110101
0000000010000000
1111111111000111
1111111100101100
1111111100000011
1111111101100010
0000000000010101
0000000010111110
0000000100000000
0000000010111001
0000000000001111
1111111101011101
1111111100000010
1111111100110000
1111111111001101
0000000010000110
0000000011110111
0000000011100011
0000000001010110
1111111110011010
1111111100010101
1111111100001111
1111111110001001
0000000001000100
0000000011011010
0000000011111011
0000000010010110
1111111111100000
1111111100111011
1111111100000000
1111111101001111
1111111111111100
0000000010101100
0000000011111111
0000000011001010
0000000000101000
1111111101110001
1111111100000111
1111111100100010
1111111110110101
0000000001110000
0000000011101111
0000000011101110
0000000001101101
1111111110110010
1111111100100001
1111111100000111
1111111101110011
0000000000101011
0000000011001011
0000000011111111
0000000010101001
1111111111111001
1111111101001101
1111111100000000
1111111100111101
1111111111100011
0000000010011000
0000000011111100
0000000011011000
0000000001000001
1111111110000111
1111111100001110
1111111100010111
0000000000000000
0000000000000000
0000000000000000
0000000000000000
0000000000000000
0000000000000000
0000000000000000
0000000000000000
0000000000000000
0000000000000000
0000000000000000
0000000000000000
0000000000000000
0000000000000000
0000000000000000
0000000000000000
0000000000000000
0000000000000000
0000000000000000
0000000000000000
0000000000000000
0000000000000000
0000000000000000
0000000000000000
0000000000000000
0000000000000000
0000000000000000
0000000000000000
0000000000000000
0000000000000000
0000000000000000
0000000000000000
0000000000000000
0000000000000000
0000000000000000
0000000000000000
0000000000000000
0000000000000000
0000000000000000
0000000000000000
0000000000000000
0000000000000000
0000000000000000
0000000000000000
0000000000000000
0000000000000000
0000000000000000
0000000000000000
0000000000000000
0000000000000000
0000000000000000
0000000000000000
0000000000000000
0000000000000000
0000000000000000
0000000000000000
0000000000000000
0000000000000000
0000000000000000
0000000000000000
0000000000000000
0000000000000000
0000000000000000
0000000000000000
0000000000000000
0000000000000000
0000000000000000
0000000000000000
0000000000000000
0000000000000000
0000000000000000
0000000000000000
0000000000000000
0000000000000000
0000000000000000
0000000000000000
0000000000000000
0000000000000000
0000000000000000
0000000000000000
0000000000000000
0000000000000000
0000000000000000
0000000000000000
0000000000000000
0000000000000000
0000000000000000
0000000000000000
0000000000000000
0000000000000000
0000000000000000
0000000000000000
0000000000000000
0000000000000000
0000000000000000
0000000000000000
0000000000000000
0000000000000000
0000000000000000
0000000000000000
0000000000000000
0000000000010000
0000000000100000
0000000000110000
0000000000111111
0000000001001111
0000000001011110
0000000001101100
0000000001111011
0000000010001001
0000000010010110
0000000010100010
0000000010101110
0000000010111010
0000000011000100
0000000011001110
0000000011010111
0000000011100000
0000000011100111
0000000011101101
0000000011110011
0000000011111000
0000000011111011
0000000011111110
0000000011111111
0000000100000000
0000000100000000
0000000011111110
0000000011111100
0000000011111001
0000000011110100
0000000011101111
0000000011101001
0000000011100010
0000000011011010
0000000011010001
0000000011000111
0000000010111101
0000000010110010
0000000010100110
0000000010011001
0000000010001100
0000000001111110
0000000001110000
0000000001100010
0000000001010011
0000000001000011
0000000000110100
0000000000100100
0000000000010100
0000000000000100
1111111111110100
1111111111100100
1111111111010100
1111111111000101
1111111110110101
1111111110100110
1111111110010111
1111111110001001
1111111101111011
1111111101101110
1111111101100001
1111111101010101
1111111101001001
1111111100111110
1111111100110100
1111111100101011
1111111100100010
1111111100011011
1111111100010100
1111111100001110
1111111100001010
1111111100000110
1111111100000011
1111111100000001
1111111100000000
1111111100000000
1111111100000001
1111111100000011
1111111100000110
1111111100001011
1111111100010000
1111111100010101
1111111100011100
1111111100100100
1111111100101101
1111111100110110
1111111101000000
1111111101001011
1111111101010111
1111111101100011
1111111101110000
1111111101111110
1111111110001100
1111111110011010
1111111110101001
1111111110111000
1111111111001000
1111111111011000
1111111111101000
0000000000000000
0000000000000000
0000000000000000
0000000000000000
0000000000000000
0000000000000000
0000000000000000
0000000000000000
0000000000000000
0000000000000000
0000000000000000
0000000000000000
0000000000000000
0000000000000000
0000000000000000
0000000000000000
0000000000000000
0000000000000000
0000000000000000
0000000000000000
0000000000000000
0000000000000000
0000000000000000
0000000000000000
0000000000000000
0000000000000000
0000000000000000
0000000000000000
0000000000000000
0000000000000000
0000000000000000
0000000000000000
0000000000000000
0000000000000000
0000000000000000
0000000000000000
0000000000000000
0000000000000000
0000000000000000
0000000000000000
0000000000000000
0000000000000000
0000000000000000
0000000000000000
0000000000000000
0000000000000000
0000000000000000
0000000000000000
0000000000000000
0000000000000000
0000000000000000
0000000000000000
0000000000000000
0000000000000000
0000000000000000
0000000000000000
0000000000000000
0000000000000000
0000000000000000
0000000000000000
0000000000000000
0000000000000000
0000000000000000
0000000000000000
0000000000000000
0000000000000000
0000000000000000
0000000000000000
0000000000000000
0000000000000000
0000000000000000
0000000000000000
0000000000000000
0000000000000000
0000000000000000
0000000000000000
0000000000000000
0000000000000000
0000000000000000
0000000000000000
0000000000000000
0000000000000000
0000000000000000
0000000000000000
0000000000000000
0000000000000000
0000000000000000
0000000000000000
0000000000000000
0000000000000000
0000000000000000
0000000000000000
0000000000000000
0000000000000000
0000000000000000
0000000000000000
0000000000000000
0000000000000000
0000000000000000
0000000000000000
0000000000000000
0000000100001111
0000000001000100
1111111100110101
1111111111111000
0000000100111111
0000000011000111
1111111110001011
1111111111110001
0000000101010110
0000000100111100
1111111111101100
1111111111101110
0000000101010101
0000000110011011
0000000001010010
1111111111110000
0000000100111100
0000000111011100
0000000010110100
1111111111110110
0000000100001101
0000000111111011
0000000100001100
0000000000000001
0000000011001101
0000000111110110
0000000101010100
0000000000010001
0000000010000010
0000000111001110
0000000110000101
0000000000100100
0000000000110000
0000000110000101
0000000110011010
0000000000111000
1111111111011111
0000000100100001
0000000110010011
0000000001001011
1111111110010011
0000000010101001
0000000101101111
0000000001011011
1111111101010011
0000000000100110
0000000100101111
0000000001100101
1111111100100010
1111111110100001
0000000011011001
0000000001101000
1111111100000011
1111111100100100
0000000001110000
0000000001100010
1111111011110111
1111111010110111
1111111111111110
0000000001010011
1111111011111111
1111111001100010
1111111110001001
0000000000111010
1111111100011000
1111111000101011
1111111100011011
0000000000011010
1111111101000000
1111111000010110
1111111010111011
1111111111110011
1111111101110100
1111111000100100
1111111001110000
1111111111001001
1111111110101110
1111111001010011
1111111001000001
1111111110011111
1111111111101010
1111111010100000
1111111000110001
1111111101111001
0000000000100100
1111111100000101
1111111001000010
1111111101011001
0000000001010111
1111111101111010
1111111001110100
1111111101000011
0000000010000000
1111111111110111
1111111011000010
1111111100111011
0000000010011110
0000000001110100
1111111100101000
